00425624800056
02980157
02980164
02980171
5010251199816
5010251273110
5010251329558
5023674004209
5023674009990
5023674012464
5023674013058
5023674015762
5023674016035
5023674016264
5023674017858
5023674017865
5023674017872
5023674019005
5023674019173
5023674019180
5023674019197
5023674019654
5023674019685
5023674019814
5023674019883
5023674019890
5023674019906
5023674020148
5023674020896
5023674021084
5023674021114
5023674022487
5023674023484
5023674024214
5023674024344
5023674024580
5023674024597
5023674024603
5023674024610
5023674025389
5023674027017
5023674030505
5023674030529
5023674030543
5023674030956
5023674032363
5023674032387
5023674032448
5023674032462
5023674032653
5023674032974
5023674033018
5023674033810
5023674033858
5023674034602
5023674034718
5023674035975
5023674036682
5023674036750
5023674039836
5023674045653
5023674045677
5023674046117
5023674050275
5023674050336
5023674053917
5023674054358
5023674054990
5023674055010
5023674055058
5023674056420
5023674056475
5023674056499
5023674056512
5023674056536
5023674056918
5023674056970
5023674057069
5023674057076
5023674057939
5023674058592
5023674058738
5023674061097
5023674062131
5023674063329
5023674063343
5023674063596
5023674064258
5023674064388
5023674065132
5023674065217
5023674065309
5023674066221
5023674066283
5023674066306
5023674066399
5023674066474
5023674066665
5023674066740
5023674067037
5023674067051
5023674067358
5023674067372
5023674067396
5023674067648
5023674068379
5023674068416
5023674068430
5023674068515
5023674068539
5023674068614
5023674069192
5023674069383
5023674069550
5023674069772
5023674070433
5023674070938
5023674071072
5023674071874
5023674075742
5023674075766
5023674076237
5023674077395
5023674077647
5023674077661
5023674078699
5023674078910
5023674080319
5023674080333
5023674080357
5023674080371
5023674080395
5023674080456
5023674080531
5023674080692
5023674080876
5023674080890
5023674080913
5023674081668
5023674081729
5023674081743
5023674081767
5023674081781
5023674081842
5023674081989
5023674082481
5023674082504
5023674082528
5023674082542
5023674083280
5023674083303
5023674083327
5023674083464
5023674083488
5023674083501
5023674083549
5023674083785
5023674084577
5023674084638
5023674085444
5023674085567
5023674085925
5023674086366
5023674086762
5023674087165
5023674087202
5023674087240
5023674087264
5023674087288
5023674087301
5023674087325
5023674087349
5023674087387
5023674087561
5023674087585
5023674087608
5023674087974
5023674088384
5023674088568
5023674088629
5023674088995
5023674089268
5023674089343
5023674089466
5023674089534
5023674089824
5023674089909
5023674090387
5023674090752
5023674090776
5023674090967
5023674091025
5023674091049
5023674091063
5023674091087
5023674091100
5023674091124
5023674091148
5023674091469
5023674092176
5023674092237
5023674092374
5023674092398
5023674092442
5023674092510
5023674092534
5023674092558
5023674092572
5023674092596
5023674092619
5023674092633
5023674092657
5023674092671
5023674092695
5023674092718
5023674092732
5023674093074
5023674093098
5023674093135
5023674093432
5023674093470
5023674093494
5023674093517
5023674093722
5023674093807
5023674093821
5023674093883
5023674093920
5023674093944
5023674093968
5023674094033
5023674094255
5023674094835
5023674095009
5023674095023
5023674095047
5023674095061
5023674095085
5023674095108
5023674095306
5023674095443
5023674095481
5023674095603
5023674095689
5023674095801
5023674095948
5023674096129
5023674096181
5023674096228
5023674096358
5023674096433
5023674096457
5023674097324
5023674097348
5023674097485
5023674097669
5023674097751
5023674098185
5023674098543
5023674098581
5023674098680
5023674098703
5023674098727
5023674098765
5023674098789
5023674099946
5023674100109
5023674100642
5023674100666
5023674100703
5023674100802
5023674100826
5023674100840
5023674100864
5023674100888
5023674100901
5023674100925
5023674100949
5023674100963
5023674100987
5023674101007
5023674101021
5023674101045
5023674101069
5023674101083
5023674101106
5023674101120
5023674101144
5023674101168
5023674101182
5023674101205
5023674101229
5023674101243
5023674101267
5023674101281
5023674101304
5023674101328
5023674101342
5023674101366
5023674101380
5023674101403
5023674101427
5023674101441
5023674101465
5023674101489
5023674101502
5023674101526
5023674101540
5023674101564
5023674101588
5023674101601
5023674101625
5023674101649
5023674101663
5023674101687
5023674101700
5023674101724
5023674101748
5023674101762
5023674101786
5023674101809
5023674101823
5023674101847
5023674101861
5023674101885
5023674101908
5023674101922
5023674101946
5023674101960
5023674101984
5023674102011
5023674102035
5023674102059
5023674102073
5023674102097
5023674102110
5023674102134
5023674102158
5023674102172
5023674102196
5023674102219
5023674102233
5023674102257
5023674102271
5023674102295
5023674102318
5023674102332
5023674102509
5023674102523
5023674102547
5023674102561
5023674102608
5023674102660
5023674102684
5023674102707
5023674102721
5023674102745
5023674102783
5023674102806
5023674103018
5023674103049
5023674103070
5023674103100
5023674103230
5023674103285
5023674103698
5023674103704
5023674103766
5023674103803
5023674103865
5023674104794
5023674104817
5023674104855
5023674104978
5023674105050
5023674105074
5023674105098
5023674105111
5023674105210
5023674105258
5023674105272
5023674105296
5023674105494
5023674105531
5023674105579
5023674105593
5023674106200
5023674106255
5023674106279
5023674106293
5023674106316
5023674106330
5023674106354
5023674106378
5023674106392
5023674106415
5023674106439
5023674106460
5023674106484
5023674106569
5023674106606
5023674106620
5023674106644
5023674106750
5023674106781
5023674106941
5023674106965
5023674106989
5023674107023
5023674107047
5023674107085
5023674107184
5023674107238
5023674107252
5023674107276
5023674107290
5023674107382
5023674107825
5023674107849
5023674107863
5023674108044
5023674108068
5023674108082
5023674108143
5023674108167
5023674108204
5023674108228
5023674108242
5023674108266
5023674108303
5023674108334
5023674108365
5023674108389
5023674108501
5023674108563
5023674108624
5023674108785
5023674108853
5023674108914
5023674108938
5023674109072
5023674109096
5023674109195
5023674109218
5023674109669
5023674109768
5023674109782
5023674109850
5023674109898
5023674109959
5023674109973
5023674109997
5023674110047
5023674110061
5023674110085
5023674110108
5023674110122
5023674110184
5023674110283
5023674110306
5023674110320
5023674110344
5023674110368
5023674110382
5023674110405
5023674110443
5023674110467
5023674110504
5023674110627
5023674110665
5023674110689
5023674110702
5023674110764
5023674110788
5023674110801
5023674110825
5023674110849
5023674110863
5023674110887
5023674111068
5023674111129
5023674111211
5023674111280
5023674111303
5023674111327
5023674111426
5023674111440
5023674111549
5023674111648
5023674111808
5023674111822
5023674111846
5023674111860
5023674111884
5023674111969
5023674111983
5023674112300
5023674112324
5023674112409
5023674112423
5023674112485
5023674112508
5023674112683
5023674112706
5023674112720
5023674112744
5023674112768
5023674112782
5023674112805
5023674112829
5023674112867
5023674112881
5023674112904
5023674112928
5023674112942
5023674112966
5023674112980
5023674113055
5023674113079
5023674113154
5023674113277
5023674113390
5023674113413
5023674113437
5023674113451
5023674113512
5023674113567
5023674113581
5023674113604
5023674113628
5023674113642
5023674113666
5023674113680
5023674113703
5023674114212
5023674114311
5023674114335
5023674114410
5023674114434
5023674114465
5023674114571
5023674114595
5023674114618
5023674114656
5023674114670
5023674114694
5023674114748
5023674114762
5023674114786
5023674114809
5023674114823
5023674114847
5023674114861
5023674114885
5023674114922
5023674114953
5023674114977
5023674114991
5023674115028
5023674115066
5023674115080
5023674115103
5023674115127
5023674115141
5023674115189
5023674115264
5023674115288
5023674115301
5023674115325
5023674115349
5023674115387
5023674115400
5023674115424
5023674115448
5023674115462
5023674115486
5023674115646
5023674115684
5023674115813
5023674115844
5023674115882
5023674115905
5023674115929
5023674115943
5023674115967
5023674115981
5023674116001
5023674116025
5023674116100
5023674116162
5023674116186
5023674116209
5023674116742
5023674116780
5023674116803
5023674116827
5023674116841
5023674116865
5023674116902
5023674116926
5023674117046
5023674117060
5023674117084
5023674117107
5023674117268
5023674117312
5023674117336
5023674117350
5023674117411
5023674117459
5023674117473
5023674117497
5023674117510
5023674117657
5023674117671
5023674117732
5023674117756
5023674117923
5023674117954
5023674117978
5023674118074
5023674118135
5023674118159
5023674118425
5023674118456
5023674118555
5023674118807
5023674118944
5023674118968
5023674118982
5023674119026
5023674119040
5023674119064
5023674119088
5023674119101
5023674119125
5023674119149
5023674119163
5023674119347
5023674119385
5023674119408
5023674119422
5023674119446
5023674119460
5023674119484
5023674119507
5023674119521
5023674119545
5023674119569
5023674119583
5023674119606
5023674119620
5023674119644
5023674119668
5023674119682
5023674119736
5023674119750
5023674119798
5023674119811
5023674119859
5023674119873
5023674119910
5023674119934
5023674120039
5023674120121
5023674120145
5023674120220
5023674120244
5023674120268
5023674120282
5023674120466
5023674120510
5023674120534
5023674120558
5023674120572
5023674120596
5023674120619
5023674120633
5023674120657
5023674120671
5023674120695
5023674120732
5023674120831
5023674120855
5023674120879
5023674120916
5023674120930
5023674120954
5023674120978
5023674120992
5023674121012
5023674121159
5023674121173
5023674121197
5023674121210
5023674121258
5023674121272
5023674121296
5023674121319
5023674121371
5023674121395
5023674121418
5023674121425
5023674121432
5023674122507
5023674122521
5023674122583
5023674122613
5023674122637
5023674122835
5023674123283
5023674123344
5023674123368
5023674123672
5023674123696
5023674123733
5023674123757
5023674123771
5023674123795
5023674123818
5023674123832
5023674123856
5023674123900
5023674123924
5023674123948
5023674123962
5023674123986
5023674124006
5023674124020
5023674124044
5023674124068
5023674124082
5023674124105
5023674124143
5023674124167
5023674124181
5023674124204
5023674124228
5023674124242
5023674124266
5023674124280
5023674124303
5023674124327
5023674124341
5023674124365
5023674124389
5023674124419
5023674124433
5023674124457
5023674124471
5023674124594
5023674124648
5023674124662
5023674124686
5023674124709
5023674124723
5023674124747
5023674124761
5023674124785
5023674124808
5023674124822
5023674124846
5023674124860
5023674124884
5023674124914
5023674124952
5023674124990
5023674125058
5023674125072
5023674125096
5023674125119
5023674125133
5023674125270
5023674125294
5023674125478
5023674125485
5023674125508
5023674125522
5023674125546
5023674125560
5023674125645
5023674125669
5023674126468
5023674126482
5023674126512
5023674126697
5023674126710
5023674126734
5023674126758
5023674126772
5023674126796
5023674126833
5023674126857
5023674126949
5023674126963
5023674126987
5023674127007
5023674127021
5023674127045
5023674127069
5023674127083
5023674127106
5023674127144
5023674127168
5023674127182
5023674127205
5023674127229
5023674127243
5023674127922
5023674127946
5023674127984
5023674128004
5023674128028
5023674128042
5023674128066
5023674128301
5023674128424
5023674128462
5023674128509
5023674128523
5023674128547
5023674128561
5023674128585
5023674128622
5023674128646
5023674128660
5023674128684
5023674128707
5023674128721
5023674128745
5023674128783
5023674128806
5023674128820
5023674128844
5023674128868
5023674128882
5023674128912
5023674128981
5023674129001
5023674129025
5023674129049
5023674129063
5023674129087
5023674129100
5023674129124
5023674129223
5023674129254
5023674129278
5023674129308
5023674129339
5023674129353
5023674129445
5023674129469
5023674129599
5023674129612
5023674129636
5023674129650
5023674129674
5023674129711
5023674129735
5023674129759
5023674129797
5023674129810
5023674129858
5023674129872
5023674129896
5023674129919
5023674129933
5023674129957
5023674129971
5023674130014
5023674130298
5023674130311
5023674130359
5023674130397
5023674130410
5023674130434
5023674130458
5023674130472
5023674130496
5023674130519
5023674130533
5023674130557
5023674130571
5023674131011
5023674131035
5023674131059
5023674131073
5023674132032
5023674132056
5023674132070
5023674132209
5023674132230
5023674132261
5023674132292
5023674132322
5023674132346
5023674132384
5023674132421
5023674132445
5023674132469
5023674132483
5023674132506
5023674132520
5023674132544
5023674132568
5023674132582
5023674132605
5023674132643
5023674132667
5023674132681
5023674132704
5023674132728
5023674132742
5023674132766
5023674132780
5023674132803
5023674132865
5023674132889
5023674132902
5023674132926
5023674133022
5023674133046
5023674133060
5023674133084
5023674133107
5023674133121
5023674133152
5023674133237
5023674133251
5023674133275
5023674133282
5023674133404
5023674133961
5023674133985
5025912176662
5029551143634
5029551286461
5051413638330
5051413638422
5051413689462
5051413865019
5051413865026
5052449105100
5052449105148
5052449105186
5052449256888
5060024654950